# IDENTIFY PACKET DEVICE words for the CD (ide1 master), from ref/boot/trace.log
85c0 0000 0000 0000 0000 0000 0000 0000
0000 0000 514d 3030 3030 3320 2020 2020
2020 2020 2020 2020 0003 0200 0004 322e
352b 2020 2020 5145 4d55 2044 5644 2d52
4f4d 2020 2020 2020 2020 2020 2020 2020
2020 2020 2020 2020 2020 2020 2020 0000
0001 0300 0000 0000 0000 0007 0000 0000
0000 0000 0000 0000 0000 0000 0007 0007
0003 00b4 00b4 012c 00b4 0000 0000 001e
001e 0000 0000 0000 0000 0000 0000 0000
001e 0000 0000 0000 0000 0000 0000 0000
203f 0000 0000 0000 0000 0000 0000 0000
0000 0000 0000 0000 0000 0000 0000 0000
0000 0000 0000 0000 0000 0000 0000 0000
0000 0000 0000 0000 0000 0000 0000 0000
0000 0000 0000 0000 0000 0000 0000 0000
0000 0000 0000 0000 0000 0000 0000 0000
0000 0000 0000 0000 0000 0000 0000 0000
0000 0000 0000 0000 0000 0000 0000 0000
0000 0000 0000 0000 0000 0000 0000 0000
0000 0000 0000 0000 0000 0000 0000 0000
0000 0000 0000 0000 0000 0000 0000 0000
0000 0000 0000 0000 0000 0000 0000 0000
0000 0000 0000 0000 0000 0000 0000 0000
0000 0000 0000 0000 0000 0000 0000 0000
0000 0000 0000 0000 0000 0000 0000 0000
0000 0000 0000 0000 0000 0000 0000 0000
0000 0000 0000 0000 0000 0000 0000 0000
0000 0000 0000 0000 0000 0000 0000 0000
0000 0000 0000 0000 0000 0000 0000 0000
0000 0000 0000 0000 0000 0000 0000 0000
0000 0000 0000 0000 0000 0000 0000 0000
