# std VGA EDID (BAR 2 offset 0x000-0x0ff), from ref/boot/trace.log
00 ff ff ff ff ff ff 00 49 14 34 12 00 00 00 00
2a 18 01 04 a5 20 14 78 06 ee 91 a3 54 4c 99 26
0f 50 54 21 08 00 e1 c0 d1 c0 d1 00 a9 40 b3 00
95 00 81 80 81 40 ea 29 00 c0 51 20 1c 30 40 26
44 40 45 cb 10 00 00 18 00 00 00 f7 00 0a 00 40
82 00 28 20 00 00 00 00 00 00 00 00 00 fd 00 32
7d 1e a0 ff 01 0a 20 20 20 20 20 20 00 00 00 fc
00 51 45 4d 55 20 4d 6f 6e 69 74 6f 72 0a 01 3a
02 03 0b 00 46 7d 65 60 59 1f 61 00 00 00 10 00
00 00 00 00 00 00 00 00 00 00 00 00 00 00 00 00
10 00 00 00 00 00 00 00 00 00 00 00 00 00 00 00
00 00 10 00 00 00 00 00 00 00 00 00 00 00 00 00
00 00 00 00 10 00 00 00 00 00 00 00 00 00 00 00
00 00 00 00 00 00 10 00 00 00 00 00 00 00 00 00
00 00 00 00 00 00 00 00 10 00 00 00 00 00 00 00
00 00 00 00 00 00 00 00 00 00 00 00 00 00 00 2f
